000004
000005
000006
000007
000009
000012
000014
000015
000016
000018
000019
000020
000021
000022
000024
000029
000032
000034
000035
000036
000037
000039
000040
000042
000045
000046
000048
000050
000051
000053
000054
000055
000065
000066
000070
000071
000072
000073
000076
000080
000082
000084
000085
000086
000088
000091
000093
000094
000095
000098
000100
000101
000103
000105
000109
000111
000113
000114
000121
000122
000127
000130
000131
000136
000138
000141
000145
000146
000148
000152
000153
000155
000157
000160
000162
000163
000164
000166
000167
000168
000170
000175
000176
000177
000178
000180
000182
000183
000185
000188
000189
000194
000195
000196
000199
000352
000353
000354
000356
000357
000358
000359
000360
000362
000363
000366
000367
000368
000370
000372
000373
000375
000376
000379
000382
000383
000386
000387
000389
000390
000395
000397
000400
000402
000404
000409
000411
000414
000415
000417
000419
000421
000423
000424
000425
000427
000431
000433
000434
000435
000438
000439
000441
000444
000445
000447
000448
000601
000603
000604
000608
000609
000610
000611
000613
000614
000615
000616
000618
000619
000620
000621
000622
000623
000624
000627
000630
000631
000635
000636
000637
000638
000640
000642
000644
000646
000648
000649
000650
000651
000654
000655
000656
000658
000659
000661
000665
000667
000669
000670
000671
000675
000676
000678
000679
000680
000681
000682
000683
000684
000685
000686
000687
000688
000693
000694
000695
000698
000852
000853
000854
000856
000857
000859
000861
000862
000863
000864
000865
000867
000868
000871
000872
000873
000874
000877
000878
000880
000882
000883
000884
000885
000887
000888
000890
000892
000895
000902
000904
000906
000911
000913
000914
000916
000918
000919
000923
000924
000929
000930
000932
000933
000934
000938
000941
000942
000944
000946
000950
001101
001103
001108
001109
001114
001115
001119
001122
001123
001127
001130
001131
001132
001133
001134
001136
001139
001140
001142
001143
001144
001145
001146
001148
001151
001153
001154
001155
001161
001162
001163
001166
001168
001170
001171
001173
001174
001175
001177
001178
001184
001185
001187
001189
001190
001193
001197
001198
001199
001200
001352
001353
001354
001355
001358
001361
001368
001373
001374
001377
001378
001380
001383
001385
001389
001391
001392
001393
001395
001400
001401
001402
001403
001404
001405
001406
001407
001412
001414
001415
001416
001417
001419
001420
001421
001424
001425
001426
001427
001428
001431
001432
001434
001435
001436
001437
001438
001439
001440
001441
001442
001444
001446
001447
001448
001450
001603
001604
001606
001609
001611
001612
001613
001614
001615
001617
001618
001619
001620
001621
001622
001623
001625
001626
001627
001628
001629
001631
001632
001634
001635
001636
001637
001641
001642
001646
001647
001648
001649
001651
001652
001653
001654
001656
001657
001659
001660
001661
001662
001663
001665
001666
001667
001668
001671
001672
001673
001674
001675
001677
001681
001682
001684
001685
001686
001688
001690
001691
001692
001693
001696
001699
001854
001855
001857
001858
001860
001861
001863
001865
001866
001869
001870
001871
001872
001873
001875
001878
001879
001881
001882
001884
001886
001887
001889
001891
001893
001894
001895
001896
001897
001899
001900
001901
001902
001903
001904
001909
001910
001912
001916
001917
001918
001921
001923
001924
001925
001927
001928
001929
001930
001932
001934
001935
001937
001938
001939
001940
001943
001946
001948
001949
001950
002101
002105
002106
002107
002109
002112
002116
002118
002119
002120
002121
002122
002123
002125
002126
002128
002131
002133
002134
002136
002137
002139
002141
002143
002144
002145
002146
002149
002150
002151
002152
002153
002154
002155
002156
002157
002158
002159
002160
002161
002163
002164
002165
002166
002168
002169
002172
002173
002174
002176
002177
002178
002181
002184
002186
002187
002188
002190
002191
002193
002194
002351
002353
002355
002356
002359
002363
002364
002365
002367
002368
002369
002371
002372
002373
002375
002376
002377
002378
002379
002383
002385
002386
002387
002390
002391
002393
002394
002395
002396
002397
002399
002400
002401
002405
002406
002410
002411
002412
002413
002418
002422
002423
002424
002425
002426
002427
002428
002429
002430
002433
002434
002435
002439
002440
002442
002450
002603
002604
002606
002607
002609
002610
002612
002613
002615
002616
002617
002618
002620
002621
002624
002627
002632
002634
002637
002638
002639
002640
002641
002642
002643
002644
002650
002653
002654
002655
002656
002657
002660
002661
002664
002665
002666
002668
002669
002670
002672
002673
002677
002678
002679
002680
002681
002683
002684
002686
002687
002692
002697
002851
002852
002854
002855
002856
002859
002861
002862
002863
002864
002865
002866
002871
002872
002873
002874
002876
002877
002882
002884
002886
002892
002893
002896
002897
002898
002900
002902
002904
002905
002906
002908
002909
002911
002912
002913
002915
002916
002919
002920
002921
002922
002924
002925
002927
002928
002929
002931
002933
002936
002939
002941
002942
002943
002944
002946
002949
002950
003102
003104
003105
003107
003109
003110
003111
003112
003114
003116
003118
003119
003120
003121
003122
003123
003124
003128
003129
003130
003132
003133
003134
003137
003139
003144
003146
003147
003148
003149
003151
003153
003155
003156
003159
003160
003161
003164
003166
003167
003169
003171
003175
003179
003181
003182
003183
003186
003187
003188
003189
003191
003192
003193
003194
003195
003196
003198
003199
003200
003351
003352
003353
003354
003355
003356
003357
003358
003363
003367
003369
003372
003374
003376
003378
003382
003384
003386
003389
003391
003392
003394
003395
003399
003400
003403
003404
003405
003406
003411
003412
003416
003418
003419
003420
003422
003424
003425
003426
003427
003428
003429
003430
003433
003434
003435
003437
003440
003443
003444
003446
003447
003448
003449
003603
003604
003606
003608
003609
003610
003612
003614
003615
003617
003619
003620
003622
003623
003626
003627
003632
003634
003635
003636
003639
003640
003641
003643
003646
003648
003649
003650
003651
003655
003658
003659
003660
003661
003662
003663
003666
003667
003668
003670
003672
003674
003676
003677
003678
003680
003682
003684
003685
003686
003687
003688
003690
003692
003693
003695
003696
003697
003700
003852
003853
003859
003860
003862
003863
003865
003866
003867
003869
003872
003873
003874
003875
003876
003877
003880
003881
003888
003889
003892
003893
003895
003896
003897
003898
003902
003904
003905
003906
003907
003908
003912
003913
003914
003916
003918
003919
003923
003925
003927
003928
003933
003934
003938
003939
003940
003941
003943
003944
003946
003947
003948
004101
004104
004106
004107
004109
004110
004111
004112
004113
004114
004116
004118
004122
004124
004126
004127
004128
004129
004130
004133
004135
004137
004139
004141
004142
004143
004144
004145
004146
004152
004153
004156
004157
004159
004160
004164
004166
004168
004169
004170
004171
004172
004173
004174
004175
004176
004179
004180
004181
004182
004185
004186
004187
004189
004190
004191
004192
004194
004195
004197
004199
004351
004352
004354
004355
004356
004358
004359
004361
004362
004363
004364
004365
004367
004369
004370
004372
004373
004377
004378
004379
004382
004383
004384
004385
004386
004390
004392
004394
004397
004399
004400
004401
004404
004406
004408
004409
004410
004412
004414
004417
004418
004420
004421
004423
004424
004425
004427
004434
004435
004437
004438
004440
004441
004442
004443
004444
004446
004450
004604
004608
004609
004611
004614
004615
004616
004617
004623
004624
004626
004627
004629
004631
004632
004633
004634
004635
004636
004637
004641
004642
004643
004644
004646
004649
004650
004651
004653
004656
004659
004660
004661
004665
004666
004669
004671
004672
004673
004674
004675
004676
004677
004678
004679
004680
004681
004682
004683
004685
004686
004688
004691
004692
004851
004852
004853
004855
004856
004857
004861
004862
004863
004864
004867
004869
004871
004874
004879
004882
004883
004884
004885
004886
004888
004889
004890
004892
004896
004897
004898
004899
004904
004905
004908
004910
004911
004914
004915
004916
004917
004920
004921
004922
004923
004924
004926
004927
004928
004930
004931
004932
004934
004935
004936
004937
004938
004941
004947
004949
004950
